diamond 15 colorma
0   53295   61710   65535
1   0   0   0
2  2570  13107  2570
3  2570  13107  2570
4  2570  13107  2570
5  2570  13107  2570
6  2570  13107  2570
7  2570  13107  2570
8  2570  13107  2570
9  2570  13107  2570
10  2570  13107  2570
11  2570  13107  2570
12  2570  13107  2570
13  2570  13107  2570
14  2570  13107  2570
15  2570  13107  2570
16  2570  13107  2570
17  2570  13107  2570
18  2570  13107  2570
19  2570  13107  2570
20  2570  13107  2570
21  2570  13107  2570
22  2570  13107  2570
23  2570  13107  2570
24  2570  2570  23387
25  2570  2570  23387
26  2570  2570  23387
27  2570  2570  23387
28  2570  2570  23387
29  2570  2570  23387
30  2570  2570  23387
31  2570  2570  23387
32  2570  2570  23387
33  2570  2570  23387
34  2570  2570  23387
35  2570  2570  23387
36  2570  2570  23387
37  2570  2570  23387
38  2570  2570  23387
39  2570  2570  23387
40  2570  2570  23387
41  2570  2570  23387
42  2570  2570  23387
43  2570  2570  23387
44  2570  2570  23387
45  2570  2570  23387
46  2570  2570  23387
47  2570  2570  23387
48  2570  2570  23387
49  2570  2570  23387
50  2570  2570  23387
51  2570  2570  23387
52  2570  2570  23387
53  2570  2570  23387
54  2570  2570  23387
55  2570  2570  23387
56  2570  2570  23387
57  2570  2570  23387
58  2827  2827  23644
59  2827  2827  23644
60  2827  2827  23644
61  2827  3084  23644
62  3084  3084  23901
63  3084  3084  23901
64  3084  3341  23901
65  3341  3341  24158
66  3341  3341  24158
67  3341  3598  24158
68  3341  3598  24158
69  3598  3598  24415
70  3598  3855  24415
71  3855  4112  24672
72  5397  6168  26728
73  5654  6425  26728
74  5654  6425  26985
75  5911  6682  27242
76  5911  6939  27242
77  6168  7196  27499
78  6425  7196  27756
79  6425  7453  27756
80  6682  7710  28013
81  6682  7967  28270
82  6939  7967  28270
83  7196  8224  28527
84  7196  8481  28784
85  7453  8481  28784
86  7453  8738  29041
87  7710  8995  29298
88  7710  9252  29298
89  7967  9252  29555
90  8224  9509  29812
91  8224  9766  29812
92  8481  10023  30069
93  8481  10023  30326
94  8738  10280  30326
95  8738  10537  30583
96  8995  10537  30840
97  9252  10794  30840
98  9252  11051  31097
99  9509  11308  31354
100  9509  11308  31354
101  9766  11565  31611
102  10023  11822  31868
103  10023  12079  31868
104  10280  12079  32125
105  10280  12336  32382
106  10537  12593  32382
107  10537  12593  32639
108  10794  12850  32896
109  11051  13107  32896
110  11051  13364  33153
111  11308  13364  33410
112  11308  13621  33410
113  11822  14135  33924
114  12336  14649  34438
115  12850  15163  34952
116  13364  15934  35466
117  13878  16705  35980
118  14392  17219  36494
119  14906  17990  37008
120  15420  18761  37522
121  16191  19275  38036
122  16705  20046  38550
123  17219  20817  39321
124  17733  21331  39835
125  18247  22102  40349
126  18761  22873  40863
127  19532  23387  41377
128  20046  24158  41891
129  20560  24929  42405
130  21074  25443  42919
131  21588  26214  43690
132  22102  26985  44204
133  22873  27499  44718
134  23644  24158  39835
135  23901  24672  40092
136  24415  25186  40349
137  24929  25957  40863
138  25186  26471  41120
139  25700  27242  41634
140  26214  27756  41891
141  26728  28270  42148
142  26985  29041  42662
143  27499  29555  42919
144  28013  30326  43433
145  28527  30840  43690
146  28784  31611  44204
147  29298  32125  44461
148  29812  32639  44718
149  30326  33410  45232
150  30583  33924  45489
151  31097  34695  46003
152  31611  35209  46260
153  32125  35723  46517
154  32382  36494  47031
155  32896  37008  47288
156  33410  37779  47802
157  33924  38293  48059
158  34181  39064  48573
159  34695  39578  48830
160  35209  40092  49087
161  35466  40863  49601
162  35980  41377  49858
163  36494  42148  50372
164  37008  42662  50629
165  37265  43433  51143
166  37779  43947  51400
167  38293  44461  51657
168  38807  45232  52171
169  39064  45746  52428
170  39578  46517  52942
171  40092  47031  53199
172  40606  47545  53456
173  40863  48316  53970
174  41377  48830  54227
175  41891  49601  54741
176  42405  50115  54998
177  42662  50886  55512
178  43176  51400  55769
179  43690  51914  56026
180  44204  52685  56540
181  44461  53199  56797
182  44975  53970  57311
183  46003  55255  58082
184  54741  54998  54998
185  55255  55512  55512
186  55769  56026  56026
187  56540  56797  56797
188  57054  57311  57311
189  57825  57825  57825
190  58339  58596  58596
191  59110  59110  59110
192  59624  59881  59881
193  60395  60395  60395
194  60909  60909  60909
195  61680  61680  61680
196  62965  62965  62965
197  62965  49344  49858
198  62708  48059  49344
199  62451  46774  48830
200  62194  45489  48316
201  62194  44204  48059
202  61937  42919  47545
203  61680  41634  47031
204  61423  40349  46517
205  61423  39064  46260
206  61166  37779  45746
207  60909  35466  44975
208  59881  37779  62451
209  59367  35980  61166
210  58853  34438  59881
211  58596  32896  58596
212  58082  31354  57311
213  57568  29555  56026
214  57311  28013  54741
215  56540  24929  52428
216  60909  25443  21074
217  61423  30326  24158
218  61937  35466  27242
219  62965  45746  33667
220  53199  12079  20817
221  55512  15934  26471
222  58082  19789  32125
223  62965  27499  43433
224  62965  59881  54998
225  62965  59110  51400
226  62965  57568  44461
227  41891  22102  13107
228  43947  20046  11822
229  46003  17990  10794
230  48059  16191  9766
231  50115  14135  8738
232  52171  12336  7710
233  54484  10280  6682
234  56540  8224  5654
235  58596  6425  4626
236  62965  2570  2570
237  0  0  0
238  0  0  0
239  0  0  0
240  0  0  0
241  0  0  0
242  0  0  0
243  0  0  0
244  0  0  0
245  0  0  0
246  0  0  0
247  0  0  0
248  0  0  0
249  0  0  0
250  0  0  0
251  0  0  0
252  0  0  0
253  0  0  0
254  0  0  0
255  0  0  0
