diamond 15 colormap
0   53295   61710   65535
1   0   0   0
2  1028  1028  2056
3  1028  1028  2313
4  1028  1028  2570
5  1028  1028  2827
6  1028  1028  3084
7  1028  1028  3341
8  1028  1028  3598
9  1028  1028  3855
10  1028  1028  4112
11  1028  1028  4369
12  1028  1028  4626
13  1028  1028  4883
14  1028  1028  5140
15  1028  1028  5397
16  1028  1028  5654
17  1028  1028  5911
18  1028  1028  6168
19  1028  1028  6425
20  1028  1028  6682
21  1028  1028  6939
22  1028  1028  7196
23  1028  1028  7453
24  1028  1028  7710
25  1028  1028  7967
26  1028  1028  8224
27  1028  1028  8481
28  1028  1028  8738
29  1028  1028  8995
30  1028  1028  9252
31  1028  1028  9509
32  1028  1028  9766
33  1028  1028  10023
34  1028  1028  10280
35  1028  1028  10537
36  1028  1028  10794
37  1028  1028  11051
38  1028  1028  11308
39  1028  1028  11565
40  1028  1028  11822
41  1028  1028  12079
42  1028  1028  12336
43  1028  1028  12593
44  1028  1028  12850
45  1028  1028  13107
46  1028  1028  13364
47  1028  1028  13621
48  1028  1028  13878
49  1028  1028  14135
50  1028  1028  14392
51  1028  1028  14649
52  1028  1028  14906
53  1028  1028  15163
54  1028  1028  15420
55  1028  1028  15677
56  1028  1028  15934
57  1028  1028  16191
58  1028  1028  16448
59  1028  1028  16705
60  1028  1028  16962
61  1028  1028  17219
62  1028  1028  17476
63  1028  1028  17733
64  1028  1028  17990
65  1028  1028  18247
66  1028  1028  18504
67  1028  1028  18761
68  1028  1028  19018
69  1028  1028  19275
70  1028  1028  19532
71  1028  1028  19789
72  1028  1028  20046
2  0  0  16448
3  0  0  16448
4  0  0  16448
5  0  0  16191
6  0  0  16191
7  0  0  16191
8  0  0  15934
9  0  0  15934
10  0  0  15934
11  0  0  15677
12  0  0  15677
13  0  0  15677
14  0  0  15420
15  0  0  15420
16  0  0  15420
17  0  0  15163
18  0  0  15163
19  0  0  15163
20  0  0  14906
21  0  0  14906
22  0  0  14906
23  0  0  14649
24  0  0  14649
25  0  0  14649
26  0  0  14392
27  0  0  14392
28  0  0  14392
29  0  0  14135
30  0  0  14135
31  0  0  14135
32  0  0  13878
33  0  0  13878
34  0  0  13878
35  0  0  13621
36  0  0  13621
37  0  0  13621
38  0  0  13364
39  0  0  13364
40  0  0  13364
41  0  0  13107
42  0  0  13107
43  0  0  13107
44  0  0  12850
45  0  0  12850
46  0  0  12850
47  0  0  12593
48  0  0  12593
49  0  0  12593
50  0  0  12336
51  0  0  12336
52  0  0  12336
53  0  0  12079
54  0  0  12079
55  0  0  12079
56  0  0  11822
57  0  0  11822
58  0  0  11822
59  0  0  11565
60  0  0  11565
61  0  0  11565
62  0  0  11308
63  0  0  11308
64  0  0  11308
65  0  0  11051
66  0  0  11051
67  0  0  11051
68  0  0  10794
69  0  0  10794
70  0  0  10794
71  0  0  10537
72  0  0  10537
73  0  0  10537
74  0  0  10280
75  0  0  10280
76  0  0  10280
77  0  0  10023
78  0  0  10023
79  0  0  10023
80  0  0  9766
81  0  0  9766
82  0  0  9766
83  0  0  9509
84  0  0  9509
85  0  0  9509
86  0  0  9252
87  0  0  9252
88  0  0  9252
89  0  0  8995
90  0  0  8995
91  0  0  8995
92  0  0  8738
93  0  0  8738
94  0  0  8738
95  0  0  8481
96  0  0  8481
97  0  0  8224
98  0  0  8224
99  0  0  8224
100  0  0  7967
101  0  0  7967
102  0  0  7967
103  0  0  7710
104  0  0  7710
105  0  0  7710
106  0  0  7453
107  0  0  7453
108  0  0  7453
109  0  0  7196
110  0  0  7196
111  0  0  7196
112  0  0  6939
113  0  0  6939
114  0  0  6939
115  0  0  6682
116  0  0  6682
117  0  0  6682
118  0  0  6425
119  0  0  6425
120  0  0  6425
121  0  0  6168
122  0  0  6168
123  0  0  6168
124  0  0  5911
125  0  0  5911
126  0  0  5911
127  0  0  5654
128  0  0  5654
129  0  0  5654
130  0  0  5397
131  0  0  5397
132  0  0  5397
133  0  0  5140
134  0  0  5140
135  0  0  5140
136  0  0  4883
137  0  0  4883
138  0  0  4883
139  0  0  4626
140  0  0  4626
141  0  0  4626
142  0  0  4369
143  0  0  4369
144  0  0  4369
145  0  0  4112
146  0  0  4112
147  0  0  4112
148  0  0  3855
149  0  0  3855
150  0  0  3855
151  0  0  3598
152  0  0  3598
153  0  0  3598
154  0  0  3341
155  0  0  3341
156  0  0  3341
157  0  0  3084
158  0  0  3084
159  0  0  3084
160  0  0  2827
161  0  0  2827
162  0  0  2827
163  0  0  2570
164  0  0  2570
165  0  0  2570
166  0  0  2313
167  0  0  2313
168  0  0  2313
169  0  0  2056
170  0  0  2056
171  0  0  2056
172  0  0  1799
173  0  0  1799
174  0  0  1799
175  0  0  1542
176  0  0  1542
177  0  0  1542
178  0  0  1285
179  0  0  1285
180  0  0  1285
181  0  0  1028
182  0  0  1028
183  0  0  1028
184  0  0  771
185  0  0  771
186  0  0  771
187  0  0  514
188  0  0  514
189  0  0  514
190  0  0  257
191  0  0  257
192  0  0  0
193  771  771  771
194  1799  1799  1799
195  2827  2827  2827
196  3855  3855  3855
197  4883  4883  4883
198  5911  5911  5911
199  6939  6939  6939
200  7967  7967  7967
201  8995  8995  8995
202  10023  10023  10023
203  11051  11051  11051
204  12079  12079  12079
205  13107  13107  13107
206  14135  14135  14135
207  15163  15163  15163
208  16191  16191  16191
209  17219  17219  17219
210  18247  18247  18247
211  19275  19275  19275
212  20303  20303  20303
213  21331  21331  21331
214  22359  22359  22359
215  23387  23387  23387
216  24415  24415  24415
217  25443  25443  25443
218  26471  26471  26471
219  27499  27499  27499
220  28527  28527  28527
221  29555  29555  29555
222  30583  30583  30583
223  31611  31611  31611
224  32639  32639  32639
225  33667  33667  33667
226  34695  34695  34695
227  35723  35723  35723
228  36751  36751  36751
229  37779  37779  37779
230  38807  38807  38807
231  39835  39835  39835
232  40863  40863  40863
233  41891  41891  41891
234  42919  42919  42919
235  43947  43947  43947
236  44975  44975  44975
237  46003  46003  46003
238  47031  47031  47031
239  48059  48059  48059
240  49087  49087  49087
241  50115  50115  50115
242  51143  51143  51143
243  52171  52171  52171
244  53199  53199  53199
245  54227  54227  54227
246  55255  55255  55255
247  56283  56283  56283
248  57311  57311  57311
249  58339  58339  58339
250  59367  59367  59367
251  60395  60395  60395
252  61423  61423  61423
253  62451  62451  62451
254  63479  63479  63479
255  64507  64507  64507
