diamond 15 colormap
352 0 0 65280
353 0 512 65280
354 0 1280 65280
355 0 1280 65280
356 0 1280 65280
357 0 1280 65280
358 0 1280 65280
359 0 1280 65280
360 0 1280 65280
361 0 1280 65280
362 0 1280 65280
363 0 1280 65280
364 0 1280 65280
365 0 1280 65280
366 0 1280 65280
367 0 1280 65280
368 0 1280 65280
369 0 1280 65280
370 0 1280 65280
371 0 1280 65280
372 0 1280 65280
373 0 1280 65280
374 0 1280 65280
375 0 1280 65280
376 0 1280 65280
377 0 1280 65280
378 0 1280 65280
379 0 1280 65280
380 0 1280 65280
381 0 1280 65280
382 0 1280 65280
383 0 1280 65280
384 0 1280 65280
385 0 1280 65280
386 0 1280 65280
387 0 1280 65280
388 0 1280 65280
389 0 1280 65280
390 0 1280 65280
391 0 1280 65280
392 0 1280 65280
393 0 1280 65280
394 0 1280 65280
395 0 1280 65280
396 0 1280 65280
397 0 1280 65280
398 0 1280 65280
399 0 1280 65280
400 0 1280 65280
401 0 1280 65280
402 0 1280 65280
403 0 1280 65280
404 0 1280 65280
405 0 1280 65280
406 0 1280 65280
407 0 1280 65280
408 0 1280 65280
409 0 1280 65280
410 0 1280 65280
411 0 1280 65280
412 0 1280 65280
413 40960 65024 24320
414 42496 65024 22784
415 43264 64768 22016
416 44032 64768 21248
417 44800 64512 20480
418 46336 64000 18944
419 57088 32000 59904
420 57088 32000 59904
421 57088 32000 59904
422 57088 32000 59904
423 57088 32000 59904
424 57088 32000 59904
425 57088 32000 59904
426 57088 32000 59904
427 57088 32000 59904
428 54528 57344 10752
429 55040 56320 10240
430 55552 55296 9728
431 56320 54016 8960
432 56832 52736 8448
433 57856 49920 7424
434 58368 48384 6912
435 58880 46592 6400
436 59392 45056 5888
437 64512 12288 768
438 64512 12288 768
439 64512 12288 768
440 64512 12288 768
441 64512 12288 768
442 64512 12288 768
443 64512 12288 768
444 64512 12288 768
445 64512 12288 768
446 64512 12288 768
447 64512 12288 768
448 64512 12288 768
449 64512 10240 768
450 64768 8192 512
451 65024 6400 256
452 65280 3328 0
453 65280 2304 0
454 65280 1280 0
455 65280 512 0
456 65280 0 0
457 0 0 65280
458 -1 0 0
