diamond 15 fillcolormap
0 53295  61710   65535
 1 0 0 1620
 2 0 0 3240
 3 0 0 4858
 4 0 0 6473
 5 0 0 8085
 6 0 0 9691
 7 0 0 11291
 8 0 0 12884
 9 0 0 14469
 10 0 0 16046
 11 0 0 17613
 12 0 0 19169
 13 0 0 20713
 14 0 0 22244
 15 0 0 23762
 16 0 0 25266
 17 0 0 26754
 18 0 0 28225
 19 0 0 29680
 20 0 0 31116
 21 0 0 32533
 22 0 0 33930
 23 0 0 35306
 24 0 0 36661
 25 0 0 37994
 26 0 0 39303
 27 0 0 40588
 28 0 0 41848
 29 0 0 43083
 30 0 0 44291
 31 0 0 45472
 32 0 0 46625
 33 0 0 47750
 34 0 0 48846
 35 0 0 49912
 36 0 0 50947
 37 0 0 51951
 38 0 0 52923
 39 0 0 53863
 40 0 0 54770
 41 0 0 55643
 42 0 0 56482
 43 0 0 57287
 44 0 0 58057
 45 0 0 58791
 46 0 0 59489
 47 0 0 60151
 48 0 0 60776
 49 0 0 61364
 50 0 0 61914
 51 0 0 62426
 52 0 0 62901
 53 0 0 63336
 54 0 0 63733
 55 0 0 64091
 56 0 0 64410
 57 0 0 64689
 58 0 0 64929
 59 0 0 65129
 60 0 0 65289
 61 0 0 65409
 62 0 0 65489
 63 0 0 65529
 64 0 0 65529
 65 0 1620 65489
 66 0 3240 65409
 67 0 4858 65289
 68 0 6473 65129
 69 0 8085 64929
 70 0 9691 64689
 71 0 11291 64410
 72 0 12884 64091
 73 0 14469 63733
 74 0 16046 63336
 75 0 17613 62901
 76 0 19169 62426
 77 0 20713 61914
 78 0 22244 61364
 79 0 23762 60776
 80 0 25266 60151
 81 0 26754 59489
 82 0 28225 58791
 83 0 29680 58057
 84 0 31116 57287
 85 0 32533 56482
 86 0 33930 55643
 87 0 35306 54770
 88 0 36661 53863
 89 0 37994 52923
 90 0 39303 51951
 91 0 40588 50947
 92 0 41848 49912
 93 0 43083 48846
 94 0 44291 47750
 95 0 45472 46625
 96 0 46625 45472
 97 0 47750 44291
 98 0 48846 43083
 99 0 49912 41848
 100 0 50947 40588
 101 0 51951 39303
 102 0 52923 37994
 103 0 53863 36661
 104 0 54770 35306
 105 0 55643 33930
 106 0 56482 32533
 107 0 57287 31116
 108 0 58057 29680
 109 0 58791 28225
 110 0 59489 26754
 111 0 60151 25266
 112 0 60776 23762
 113 0 61364 22244
 114 0 61914 20713
 115 0 62426 19169
 116 0 62901 17613
 117 0 63336 16046
 118 0 63733 14469
 119 0 64091 12884
 120 0 64410 11291
 121 0 64689 9691
 122 0 64929 8085
 123 0 65129 6473
 124 0 65289 4858
 125 0 65409 3240
 126 0 65489 1620
 127 0 65529 0
 128 0 65529 0
 129 810 65489 0
 130 1620 65409 0
 131 2431 65289 0
 132 3240 65129 0
 133 4050 64929 0
 134 4858 64689 0
 135 5666 64410 0
 136 6473 64091 0
 137 7280 63733 0
 138 8085 63336 0
 139 8888 62901 0
 140 9691 62426 0
 141 10492 61914 0
 142 11291 61364 0
 143 12088 60776 0
 144 12884 60151 0
 145 13678 59489 0
 146 14469 58791 0
 147 15259 58057 0
 148 16046 57287 0
 149 16831 56482 0
 150 17613 55643 0
 151 18392 54770 0
 152 19169 53863 0
 153 19942 52923 0
 154 20713 51951 0
 155 21480 50947 0
 156 22244 49912 0
 157 23005 48846 0
 158 23762 47750 0
 159 24516 46625 0
 160 25266 45472 0
 161 26012 44291 0
 162 26754 43083 0
 163 27492 41848 0
 164 28225 40588 0
 165 28955 39303 0
 166 29680 37994 0
 167 30400 36661 0
 168 31116 35306 0
 169 31827 33930 0
 170 32533 32533 0
 171 33234 31116 0
 172 33930 29680 0
 173 34621 28225 0
 174 35306 26754 0
 175 35986 25266 0
 176 36661 23762 0
 177 37330 22244 0
 178 37994 20713 0
 179 38651 19169 0
 180 39303 17613 0
 181 39948 16046 0
 182 40588 14469 0
 183 41221 12884 0
 184 41848 11291 0
 185 42469 9691 0
 186 43083 8085 0
 187 43690 6473 0
 188 44291 4858 0
 189 44885 3240 0
 190 45472 1620 0
 191 46052 0 0
 192 46625 0 0
 193 47191 0 0
 194 47750 0 0
 195 48302 0 0
 196 48846 0 0
 197 49383 0 0
 198 49912 0 0
 199 50433 0 0
 200 50947 0 0
 201 51453 0 0
 202 51951 0 0
 203 52441 0 0
 204 52923 0 0
 205 53397 0 0
 206 53863 0 0
 207 54320 0 0
 208 54770 0 0
 209 55211 0 0
 210 55643 0 0
 211 56067 0 0
 212 56482 0 0
 213 56889 0 0
 214 57287 0 0
 215 57676 0 0
 216 58057 0 0
 217 58428 0 0
 218 58791 0 0
 219 59145 0 0
 220 59489 0 0
 221 59825 0 0
 222 60151 0 0
 223 60468 0 0
 224 60776 0 0
 225 61075 0 0
 226 61364 0 0
 227 61644 0 0
 228 61914 0 0
 229 62175 0 0
 230 62426 0 0
 231 62668 0 0
 232 62901 0 0
 233 63123 0 0
 234 63336 0 0
 235 63540 0 0
 236 63733 0 0
 237 63917 0 0
 238 64091 0 0
 239 64255 0 0
 240 64410 0 0
 241 64554 0 0
 242 64689 0 0
 243 64814 0 0
 244 64929 0 0
 245 65034 0 0
 246 65129 0 0
 247 65214 0 0
 248 65289 0 0
 249 65354 0 0
 250 65409 0 0
 251 65454 0 0
 252 65489 0 0
 253 65514 0 0
 254 65529 0 0
 255 65535 0 0
274 0 0 0
275 32767 32767 32767
276 65535 0 65535
277 0 32767 0
278 0 0  32767
279 0 0 32767
280 10023 10023 9767
281 24672 33153 35209
282 46774 50629 51657
283 12593 16962 17990
284 54484 54484 54228
285 21588 21588 21332
286 33410 33410 33154
287 60652 60652 60396
288 2570  2570  2270
289 65535 65535 65535
