diamond 15 colorma
0   53295   61710   65535
1   0   0   0
2  514  514  514
3  771  771  771
4  1028  1028  1028
5  1285  1285  1285
6  1542  1542  1542
7  1799  1799  1799
8  2056  2056  2056
9  2313  2313  2313
10  2570  2570  2570
11  2827  2827  2827
12  3084  3084  3084
13  3341  3341  3341
14  3598  3598  3598
15  3855  3855  3855
16  4112  4112  4112
17  4369  4369  4369
18  4626  4626  4626
19  2570  2570  2570
20  2827  2827  2827
21  2827  2827  2827
22  3084  3084  3084
23  3084  3084  3084
24  3341  3341  3341
25  3598  3598  3598
26  3598  3598  3598
27  3855  3855  3855
28  4112  4112  4112
29  4112  4112  4112
30  4369  4369  4369
31  4626  4626  4626
32  4626  4626  4626
33  4883  4883  4883
34  5140  5140  5140
35  5140  5140  5140
36  5397  5397  5397
37  5654  5654  5654
38  5654  5654  5654
39  5911  5911  5911
40  6168  6168  6168
41  6168  6168  6168
42  6425  6425  6425
43  6682  6682  6682
44  6682  6682  6682
45  6939  6939  6939
46  7196  7196  7196
47  7453  7453  7453
48  7453  7453  7453
49  7710  7710  7710
50  7967  7967  7967
51  7967  7967  7967
52  8224  8224  8224
53  8481  8481  8481
54  8738  8738  8738
55  8738  8738  8738
56  8995  8995  8995
57  9252  9252  9252
58  9509  9509  9509
59  9509  9509  9509
60  9766  9766  9766
61  10023  10023  10023
62  10280  10280  10280
63  10280  10280  10280
64  10537  10537  10537
65  10794  10794  10794
66  11051  11051  11051
67  11051  11051  11051
68  11308  11308  11308
69  11565  11565  11565
70  11822  11822  11822
71  12079  12079  12079
72  12079  12079  12079
73  12336  12336  12336
74  12593  12593  12593
75  12850  12850  12850
76  13107  13107  13107
77  13364  13364  13364
78  13364  13364  13364
79  13621  13621  13621
80  13878  13878  13878
81  14135  14135  14135
82  14392  14392  14392
83  14649  14649  14649
84  14649  14649  14649
85  14906  14906  14906
86  15163  15163  15163
87  15420  15420  15420
88  15677  15677  15677
89  15934  15934  15934
90  16191  16191  16191
91  16448  16448  16448
92  16448  16448  16448
93  16705  16705  16705
94  16962  16962  16962
95  17219  17219  17219
96  17476  17476  17476
97  17733  17733  17733
98  17990  17990  17990
99  18247  18247  18247
100  18504  18504  18504
101  18761  18761  18761
102  19018  19018  19018
103  19275  19275  19275
104  19275  19275  19275
105  19532  19532  19532
106  19789  19789  19789
107  20046  20046  20046
108  20303  20303  20303
109  20560  20560  20560
110  20817  20817  20817
111  21074  21074  21074
112  21331  21331  21331
113  21588  21588  21588
114  21845  21845  21845
115  22102  22102  22102
116  22359  22359  22359
117  22616  22616  22616
118  22873  22873  22873
119  23130  23130  23130
120  23387  23387  23387
121  23644  23644  23644
122  23901  23901  23901
123  24158  24158  24158
124  24415  24415  24415
125  24672  24672  24672
126  25186  25186  25186
127  25443  25443  25443
128  25700  25700  25700
129  25957  25957  25957
130  26214  26214  26214
131  26471  26471  26471
132  26728  26728  26728
133  26985  26985  26985
134  27242  27242  27242
135  27499  27499  27499
136  27756  27756  27756
137  28270  28270  28270
138  28527  28527  28527
139  28784  28784  28784
140  29041  29041  29041
141  29298  29298  29298
142  29555  29555  29555
143  29812  29812  29812
144  30326  30326  30326
145  30583  30583  30583
146  30840  30840  30840
147  31097  31097  31097
148  31354  31354  31354
149  31611  31611  31611
150  32125  32125  32125
151  32382  32382  32382
152  32639  32639  32639
153  32896  32896  32896
154  33410  33410  33410
155  33667  33667  33667
156  33924  33924  33924
157  34181  34181  34181
158  34438  34438  34438
159  34952  34952  34952
160  35209  35209  35209
161  35466  35466  35466
162  35980  35980  35980
163  36237  36237  36237
164  36494  36494  36494
165  36751  36751  36751
166  37265  37265  37265
167  37522  37522  37522
168  37779  37779  37779
169  38293  38293  38293
170  38550  38550  38550
171  38807  38807  38807
172  39321  39321  39321
173  39578  39578  39578
174  39835  39835  39835
175  40349  40349  40349
176  40606  40606  40606
177  40863  40863  40863
178  41377  41377  41377
179  41634  41634  41634
180  42148  42148  42148
181  42405  42405  42405
182  42662  42662  42662
183  43176  43176  43176
184  43433  43433  43433
185  43947  43947  43947
186  44204  44204  44204
187  44718  44718  44718
188  44975  44975  44975
189  45232  45232  45232
190  45746  45746  45746
191  46003  46003  46003
192  46517  46517  46517
193  46774  46774  46774
194  47288  47288  47288
195  47545  47545  47545
196  48059  48059  48059
197  48316  48316  48316
198  48830  48830  48830
199  49087  49087  49087
200  49601  49601  49601
201  50115  50115  50115
202  50372  50372  50372
203  50886  50886  50886
204  51143  51143  51143
205  51657  51657  51657
206  51914  51914  51914
207  52428  52428  52428
208  52942  52942  52942
209  53199  53199  53199
210  53713  53713  53713
211  54227  54227  54227
212  54484  54484  54484
213  54998  54998  54998
214  55255  55255  55255
215  55769  55769  55769
216  56283  56283  56283
217  56540  56540  56540
218  57054  57054  57054
219  57568  57568  57568
220  58082  58082  58082
221  58339  58339  58339
222  58853  58853  58853
223  59367  59367  59367
224  59881  59881  59881
225  60138  60138  60138
226  60652  60652  60652
227  61166  61166  61166
228  61680  61680  61680
229  61937  61937  61937
230  62451  62451  62451
231  62965  62965  62965
232  59624  59624  59624
233  59881  59881  59881
234  60138  60138  60138
235  60395  60395  60395
236  60652  60652  60652
237  60909  60909  60909
238  61166  61166  61166
239  61423  61423  61423
240  61680  61680  61680
241  61937  61937  61937
242  62194  62194  62194
243  62451  62451  62451
244  62708  62708  62708
245  62965  62965  62965
246  63222  63222  63222
247  63479  63479  63479
248  63736  63736  63736
249  63993  63993  63993
250  64250  64250  64250
251  64507  64507  64507
252  64764  64764  64764
253  65021  65021  65021
254  65278  65278  65278
255  65535  65535  65535
