diamond 15 colormaph2
       0  53295  61710   65535
       1       0   0 0 
       2       0   38250   12750
       3       0   38250   12750
       4       0   38250   12750
       5       0   38250   12750
       6       0   38250   12750
       7       0   38250   12750
       8       0   38250   12750
       9       0   38250   12750
      10       0   38250   12750
      11       0   38250   12750
      12   15300   45900   25500
      13   15300   45900   25500
      14   15300   45900   25500
      15   15300   45900   25500
      16   15300   45900   25500
      17   15300   45900   25500
      18   15300   45900   25500
      19   15300   45900   25500
      20   15300   45900   25500
      21   15300   45900   25500
      22   15300   45900   25500
      23   15300   45900   25500
      24   51000   51000   38250
      25   51000   51000   38250
      26   51000   51000   38250
      27   51000   51000   38250
      28   51000   51000   38250
      29   51000   51000   38250
      30   51000   51000   38250
      31   51000   51000   38250
      32   51000   51000   38250
      33   51000   51000   38250
      34   51000   51000   38250
      35   51000   51000   38250
      36   58650   58650   38250
      37   58650   58650   38250
      38   58650   58650   38250
      39   58650   58650   38250
      40   58650   58650   38250
      41   58650   58650   38250
      42   58650   58650   38250
      43   58650   58650   38250
      44   58650   58650   38250
      45   58650   58650   38250
      46   58650   58650   38250
      47   58650   58650   38250
      48   65025   51000   25500
      49   65025   51000   25500
      50   65025   51000   25500
      51   65025   51000   25500
      52   65025   51000   25500
      53   65025   51000   25500
      54   65025   51000   25500
      55   65025   51000   25500
      56   65025   51000   25500
      57   65025   51000   25500
      58   65025   51000   25500
      59   65025   51000   25500
      60   65025   51000   25500
      61   65025   51000   25500
      62   65025   51000   25500
      63   65025   51000   25500
      64   65025   51000   25500
      65   65025   51000   25500
      66   65025   51000   25500
      67   65025   51000   25500
      68   65025   51000   25500
      69   65025   51000   25500
      70   65025   51000   25500
      71   65025   51000   25500
      72   65025   40800   25500
      73   65025   40800   25500
      74   65025   40800   25500
      75   65025   40800   25500
      76   65025   40800   25500
      77   65025   40800   25500
      78   65025   40800   25500
      79   65025   40800   25500
      80   65025   40800   25500
      81   65025   40800   25500
      82   65025   40800   25500
      83   65025   40800   25500
      84   65025   40800   25500
      85   65025   40800   25500
      86   65025   40800   25500
      87   65025   40800   25500
      88   65025   40800   25500
      89   65025   40800   25500
      90   65025   40800   25500
      91   65025   40800   25500
      92   65025   40800   25500
      93   65025   40800   25500
      94   65025   40800   25500
      95   65025   40800   25500
      96   51000   40800   25500
      97   51000   40800   25500
      98   51000   40800   25500
      99   51000   40800   25500
     100   51000   40800   25500
     101   51000   40800   25500
     102   51000   40800   25500
     103   51000   40800   25500
     104   51000   40800   25500
     105   51000   40800   25500
     106   51000   40800   25500
     107   51000   40800   25500
     108   51000   40800   25500
     109   51000   40800   25500
     110   51000   40800   25500
     111   51000   40800   25500
     112   51000   40800   25500
     113   51000   40800   25500
     114   51000   40800   25500
     115   51000   40800   25500
     116   51000   40800   25500
     117   51000   40800   25500
     118   51000   40800   25500
     119   51000   40800   25500
     120   51000   40800   25500
     121   51000   40800   25500
     122   51000   40800   25500
     123   51000   40800   25500
     124   51000   40800   25500
     125   51000   40800   25500
     126   51000   40800   25500
     127   51000   40800   25500
     128   51000   40800   25500
     129   51000   40800   25500
     130   51000   40800   25500
     131   51000   40800   25500
     132   51000   40800   25500
     133   51000   40800   25500
     134   51000   40800   25500
     135   51000   40800   25500
     136   51000   40800   25500
     137   51000   40800   25500
     138   51000   40800   25500
     139   51000   40800   25500
     140   51000   40800   25500
     141   51000   40800   25500
     142   51000   40800   25500
     143   51000   40800   25500
     144   61200   61200   61200
     145   61200   61200   61200
     146   61200   61200   61200
     147   61200   61200   61200
     148   61200   61200   61200
     149   61200   61200   61200
     150   61200   61200   61200
     151   61200   61200   61200
     152   61200   61200   61200
     153   61200   61200   61200
     154   61200   61200   61200
     155   61200   61200   61200
     156   61200   61200   61200
     157   61200   61200   61200
     158   61200   61200   61200
     159   61200   61200   61200
     160   61200   61200   61200
     161   61200   61200   61200
     162   61200   61200   61200
     163   61200   61200   61200
     164   61200   61200   61200
     165   61200   61200   61200
     166   61200   61200   61200
     167   61200   61200   61200
     168   61200   61200   61200
     169   61200   61200   61200
     170   61200   61200   61200
     171   61200   61200   61200
     172   61200   61200   61200
     173   61200   61200   61200
     174   61200   61200   61200
     175   61200   61200   61200
     176   61200   61200   61200
     177   61200   61200   61200
     178   61200   61200   61200
     179   61200   61200   61200
     180   61200   61200   61200
     181   61200   61200   61200
     182   61200   61200   61200
     183   61200   61200   61200
     184   61200   61200   61200
     185   61200   61200   61200
     186   61200   61200   61200
     187   61200   61200   61200
     188   61200   61200   61200
     189   61200   61200   61200
     190   61200   61200   61200
     191   61200   61200   61200
     192   61200   61200   61200
     193   61200   61200   61200
     194   61200   61200   61200
     195   61200   61200   61200
     196   61200   61200   61200
     197   61200   61200   61200
     198   61200   61200   61200
     199   61200   61200   61200
     200   61200   61200   61200
     201   61200   61200   61200
     202   61200   61200   61200
     203   61200   61200   61200
     204   61200   61200   61200
     205   61200   61200   61200
     206   61200   61200   61200
     207   61200   61200   61200
     208   61200   61200   61200
     209   61200   61200   61200
     210   61200   61200   61200
     211   61200   61200   61200
     212   61200   61200   61200
     213   61200   61200   61200
     214   61200   61200   61200
     215   61200   61200   61200
     216   61200   61200   61200
     217   61200   61200   61200
     218   61200   61200   61200
     219   61200   61200   61200
     220   61200   61200   61200
     221   61200   61200   61200
     222   61200   61200   61200
     223   61200   61200   61200
     224   61200   61200   61200
     225   61200   61200   61200
     226   61200   61200   61200
     227   61200   61200   61200
     228   61200   61200   61200
     229   61200   61200   61200
     230   61200   61200   61200
     231   61200   61200   61200
     232   61200   61200   61200
     233   61200   61200   61200
     234   61200   61200   61200
     235   61200   61200   61200
     236   61200   61200   61200
     237   61200   61200   61200
     238   61200   61200   61200
     239   61200   61200   61200
     239   61200   61200   61200
     239   61200   61200   61200
     239   61200   61200   61200
     239   61200   61200   61200
     239   61200   61200   61200
     239   61200   61200   61200
     239   61200   61200   61200
     239   61200   61200   61200
     239   61200   61200   61200
     239   61200   61200   61200
     239   61200   61200   61200
     239   61200   61200   61200
     239   61200   61200   61200
     239   61200   61200   61200
     239   61200   61200   61200
     239   61200   61200   61200
     240   61200   61200   61200
     241   61455   61455   61455
     242   61710   61710   61710
     243   61965   61965   61965
     244   62220   62220   62220
     245   62475   62475   62475
     246   62730   62730   62730
     247   62985   62985   62985
     248   63240   63240   63240
     249   63495   63495   63495
     250   63750   63750   63750
     251   64005   64005   64005
     252   64260   64260   64260
     253   64515   64515   64515
     254   64770   64770   64770
     255   65025   65025   65025
