diamond 15 colorma
0   53295   61710   65535
1   0   0   0
2  0  0  22873
3  0  0  22873
4  0  0  22616
5  0  0  22616
6  0  0  22616
7  0  0  22359
8  0  0  22359
9  0  0  22359
10  0  0  22359
11  0  0  22102
12  0  0  22102
13  0  0  22102
14  0  0  21845
15  0  0  21845
16  0  0  21845
17  0  0  21588
18  0  0  21588
19  0  0  21588
20  0  0  21588
21  0  0  21331
22  0  0  21331
23  0  0  21331
24  0  0  21074
25  0  0  21074
26  0  0  21074
27  0  0  21074
28  0  0  20817
29  0  0  20817
30  0  0  20817
31  0  0  20560
32  0  0  20560
33  0  0  20560
34  0  0  20303
35  0  0  20303
36  0  0  20303
37  0  0  20303
38  0  0  20046
39  0  0  20046
40  0  0  20046
41  0  0  19789
42  0  0  19789
43  0  0  19789
44  0  0  19789
45  0  0  19532
46  0  0  19532
47  0  0  19532
48  0  0  19275
49  0  0  19275
50  0  0  19275
51  0  0  19018
52  0  0  19018
53  0  0  19018
54  0  0  19018
55  0  0  18761
56  0  0  18761
57  0  0  18761
58  0  0  18504
59  0  0  18504
60  0  0  18504
61  0  0  18504
62  0  0  18247
63  0  0  18247
64  0  0  18247
65  0  0  17990
66  0  0  17990
67  0  0  17990
68  0  0  17733
69  0  0  17733
70  0  0  17733
71  0  0  17733
72  0  0  17476
73  0  0  17476
74  0  0  17476
75  0  0  17219
76  0  0  17219
77  0  0  17219
78  0  0  17219
79  0  0  16962
80  0  0  16962
81  0  0  16962
82  0  0  16705
83  0  0  16705
84  0  0  16705
85  0  0  16448
86  0  0  16448
87  0  0  16448
88  0  0  16448
89  0  0  16191
90  0  0  16191
91  0  0  16191
92  0  0  15934
93  0  0  15934
94  0  0  15934
95  0  0  15934
96  0  0  15677
97  0  0  15677
98  0  0  15677
99  0  0  15420
100  0  0  15420
101  0  0  15420
102  0  0  15163
103  0  0  15163
104  0  0  15163
105  0  0  15163
106  0  0  14906
107  0  0  14906
108  0  0  14906
109  0  0  14649
110  0  0  14649
111  0  0  14649
112  0  0  14649
113  0  0  14392
114  0  0  14392
115  0  0  14392
116  0  0  14135
117  0  0  14135
118  0  0  14135
119  0  0  13878
120  0  0  13878
121  0  0  13878
122  0  0  13878
123  0  0  13621
124  0  0  13621
125  0  0  13621
126  0  0  13364
127  0  0  13364
128  0  0  13364
129  0  0  13364
130  0  0  13107
131  0  0  13107
132  0  0  13107
133  0  0  12850
134  0  0  12850
135  0  0  12850
136  0  0  12593
137  0  0  12593
138  0  0  12593
139  0  0  12593
140  0  0  12336
141  0  0  12336
142  0  0  12336
143  0  0  12079
144  0  0  12079
145  0  0  12079
146  0  0  12079
147  0  0  11822
148  0  0  11822
149  0  0  11822
150  0  0  11565
151  0  0  11565
152  0  0  11565
153  0  0  11308
154  0  0  11308
155  0  0  11308
156  0  0  11308
157  0  0  11051
158  0  0  11051
159  0  0  11051
160  0  0  10794
161  0  0  10794
162  0  0  10794
163  0  0  10794
164  0  0  10537
165  0  0  10537
166  0  0  10537
167  0  0  10280
168  0  0  10280
169  0  0  10280
170  0  0  10023
171  0  0  10023
172  0  0  10023
173  0  0  10023
174  0  0  9766
175  0  0  9766
176  0  0  9766
177  0  0  9509
178  0  0  9509
179  0  0  9509
180  0  0  9509
181  0  0  9252
182  0  0  9252
183  0  0  9252
184  0  0  8995
185  0  0  8995
186  0  0  8995
187  0  0  8738
188  0  0  8738
189  0  0  8738
190  0  0  8738
191  0  0  8481
192  0  0  8481
193  0  0  8481
194  0  0  8224
195  0  0  8224
196  0  0  8224
197  0  0  8224
198  0  0  7967
199  0  0  7967
200  0  0  7967
201  0  0  7710
202  0  0  7710
203  0  0  7710
204  20046  3341  1542
205  21331  5140  3598
206  22873  7196  5654
207  24415  9252  7710
208  25700  11308  9766
209  27242  13364  11822
210  28784  15163  13878
211  30069  17219  15934
212  31611  19275  17990
213  33153  21331  20046
214  34695  23387  22102
215  35980  25186  24158
216  37522  27242  26214
217  39064  29298  28270
218  40349  31354  30326
219  41891  33410  32382
220  43433  35209  34438
221  44975  37265  36494
222  46260  39321  38550
223  47802  41377  40606
224  49344  43433  42662
225  50629  45232  44718
226  52171  47288  46774
227  53713  49344  48830
228  55255  51400  50886
229  56540  53456  52942
230  58082  55255  54998
231  59624  57311  57054
232  60909  59367  59110
233  62451  61423  61166
234  65535  65535  65535
235  62708  62708  62708
236  62965  62965  62965
237  63222  63222  63222
238  63479  63479  63479
239  63736  63736  63736
240  63993  63993  63993
241  64250  64250  64250
242  64507  64507  64507
243  64764  64764  64764
244  65021  65021  65021
245  65278  65278  65278
246  0  0  0
247  0  0  0
248  0  0  0
249  0  0  0
250  0  0  0
251  0  0  0
252  0  0  0
253  0  0  0
254  0  0  0
255  0  0  0
