diamond 15 colormap
0   53295   61710   65535
1   0   0   0
2  1028  1028  2056
3  1028  1028  2313
4  1028  1028  2570
5  1028  1028  2827
6  1028  1028  3084
7  1028  1028  3341
8  1028  1028  3598
9  1028  1028  3855
10  1028  1028  4112
11  1028  1028  4369
12  1028  1028  4626
13  1028  1028  4883
14  1028  1028  5140
15  1028  1028  5397
16  1028  1028  5654
17  1028  1028  5911
18  1028  1028  6168
19  1028  1028  6425
20  1028  1028  6682
21  1028  1028  6939
22  1028  1028  7196
23  1028  1028  7453
24  1028  1028  7710
25  1028  1028  7967
26  1028  1028  8224
27  1028  1028  8481
28  1028  1028  8738
29  1028  1028  8995
30  1028  1028  9252
31  1028  1028  9509
32  1028  1028  9766
33  1028  1028  10023
34  1028  1028  10280
35  1028  1028  10537
36  1028  1028  10794
37  1028  1028  11051
38  1028  1028  11308
39  1028  1028  11565
40  1028  1028  11822
41  1028  1028  12079
42  1028  1028  12336
43  1028  1028  12593
44  1028  1028  12850
45  1028  1028  13107
46  1028  1028  13364
47  1028  1028  13621
48  1028  1028  13878
49  1028  1028  14135
50  1028  1028  14392
51  1028  1028  14649
52  1028  1028  14906
53  1028  1028  15163
54  1028  1028  15420
55  1028  1028  15677
56  1028  1028  15934
57  1028  1028  16191
58  1028  1028  16448
59  1028  1028  16705
60  1028  1028  16962
61  1028  1028  17219
62  1028  1028  17476
63  1028  1028  17733
64  1028  1028  17990
65  1028  1028  18247
66  1028  1028  18504
67  1028  1028  18761
68  1028  1028  19018
69  1028  1028  19275
70  1028  1028  19532
71  1028  1028  19789
72  1028  1028  20046
73  1028  1028  20560
74  1285  1285  20560
75  1542  1542  20817
76  2056  2056  20817
77  2313  2313  21074
78  2570  2570  21074
79  3084  3084  21331
80  3341  3341  21331
81  3598  3598  21588
82  4112  4112  21588
83  4369  4369  21845
84  4626  4626  21845
85  5140  5140  22102
86  5397  5397  22102
87  5911  5911  22359
88  6168  6168  22359
89  6425  6425  22616
90  6939  6939  22616
91  7196  7196  22873
92  7453  7453  23130
93  7967  7967  23130
94  8224  8224  23387
95  8481  8481  23387
96  8995  8995  23644
97  9252  9252  23644
98  9766  9766  23901
99  10023  10023  23901
100  10280  10280  24158
101  10794  10794  24158
102  11051  11051  24415
103  11308  11308  24415
104  11822  11822  24672
105  12079  12079  24672
106  12336  12336  24929
107  12850  12850  24929
108  13107  13107  25186
109  13621  13621  25186
110  13878  13878  25443
111  14135  14135  25700
112  14649  14649  25700
113  14906  14906  25957
114  15163  15163  25957
115  15677  15677  26214
116  15934  15934  26214
117  16191  16191  26471
118  16705  16705  26471
119  16962  16962  26728
120  17476  17476  26728
121  17733  17733  26985
122  17990  17990  26985
123  18504  18504  27242
124  18761  18761  27242
125  19018  19018  27499
126  19532  19532  27499
127  19789  19789  27756
128  20046  20046  28013
129  20560  20560  28013
130  20817  20817  28270
131  21331  21331  28270
132  21588  21588  28527
133  21845  21845  28527
134  22359  22359  28784
135  22616  22616  28784
136  22873  22873  29041
137  23387  23387  29041
138  23644  23644  29298
139  23901  23901  29298
140  24415  24415  29555
141  24672  24672  29555
142  25186  25186  29812
143  25443  25443  29812
144  25700  25700  30069
145  26214  26214  30069
146  26471  26471  30326
147  26728  26728  30583
148  27242  27242  30583
149  27499  27499  30840
150  27756  27756  30840
151  28270  28270  31097
152  28527  28527  31097
153  29041  29041  31354
154  29298  29298  31354
155  29555  29555  31611
156  30069  30069  31611
157  30326  30326  31868
158  30583  30583  31868
159  31097  31097  32125
160  31354  31354  32125
161  31611  31611  32382
162  32125  32125  32382
163  32382  32382  32639
164  32896  32896  32896
165  33410  33410  33410
166  33924  33924  33924
167  34695  34695  34695
168  35209  35209  35209
169  35723  35723  35723
170  36494  36494  36494
171  37008  37008  37008
172  37522  37522  37522
173  38293  38293  38293
174  38807  38807  38807
175  39321  39321  39321
176  40092  40092  40092
177  40606  40606  40606
178  41120  41120  41120
179  41891  41891  41891
180  42405  42405  42405
181  42919  42919  42919
182  43690  43690  43690
183  44204  44204  44204
184  44975  44975  44975
185  45489  45489  45489
186  46003  46003  46003
187  46774  46774  46774
188  47288  47288  47288
189  47802  47802  47802
190  48573  48573  48573
191  49087  49087  49087
192  49601  49601  49601
193  50372  50372  50372
194  50886  50886  50886
195  51400  51400  51400
196  52171  52171  52171
197  52685  52685  52685
198  53199  53199  53199
199  53970  53970  53970
200  54484  54484  54484
201  55255  55255  55255
202  55769  55769  55769
203  56283  56283  56283
204  57054  57054  57054
205  57568  57568  57568
206  58082  58082  58082
207  58853  58853  58853
208  59367  59367  59367
209  59881  59881  59881
210  60652  60652  60652
211  61166  61166  61166
212  61680  61680  61680
213  62451  62451  62451
214  62965  62965  62965
215  63479  63479  63479
216  64250  64250  64250
217  64764  64764  64764
218  65535  65535  65535
219  65535  64764  64764
220  65535  63993  63993
221  65535  62965  62965
222  65535  62194  62194
223  65535  61423  61423
224  65535  60395  60395
225  65535  59624  59624
226  65535  58853  58853
227  65535  57825  57825
228  65535  57054  57054
229  65535  56283  56283
230  65535  55255  55255
231  65535  54484  54484
232  65535  53713  53713
233  65535  52685  52685
234  65535  51914  51914
235  65535  51143  51143
236  65535  50115  50115
237  65535  49344  49344
238  65535  48573  48573
239  65535  47545  47545
240  65535  46774  46774
241  65535  46003  46003
242  65535  44975  44975
243  65535  44204  44204
244  65535  43433  43433
245  65535  42405  42405
246  65535  41634  41634
247  65535  40863  40863
248  65535  39835  39835
249  65535  39064  39064
250  65535  38293  38293
251  65535  37265  37265
252  65535  36494  36494
253  65535  35723  35723
254  65535  34695  34695
255  65535  33924  33924
