diamond 15 colormaph1
       0  53295  61710   65535
       1   0 0 0
       2   55080   65025   65025
       3   55080   65025   65025
       4   55080   65025   65025
       5   55080   65025   65025
       6   55080   65025   65025
       7   55080   65025   65025
       8   55080   65025   65025
       9   55080   65025   65025
      10   55080   65025   65025
      11   55080   65025   65025
      12   39015   65025   32385
      13   39015   65025   32385
      14   39015   65025   32385
      15   39015   65025   32385
      16   39015   65025   32385
      17   39015   65025   32385
      18   39015   65025   32385
      19   39015   65025   32385
      20   39015   65025   32385
      21   39015   65025   32385
      22   39015   65025   32385
      23   39015   65025   32385
      24   58395   61710   45390
      25   58395   61710   45390
      26   58395   61710   45390
      27   58395   61710   45390
      28   58395   61710   45390
      29   58395   61710   45390
      30   58395   61710   45390
      31   58395   61710   45390
      32   58395   61710   45390
      33   58395   61710   45390
      34   58395   61710   45390
      35   58395   61710   45390
      36   61710   58395   39015
      37   61710   58395   39015
      38   61710   58395   39015
      39   61710   58395   39015
      40   61710   58395   39015
      41   61710   58395   39015
      42   61710   58395   39015
      43   61710   58395   39015
      44   61710   58395   39015
      45   61710   58395   39015
      46   61710   58395   39015
      47   61710   58395   39015
      48   61710   55335   39015
      49   61710   55335   39015
      50   61710   55335   39015
      51   61710   55335   39015
      52   61710   55335   39015
      53   61710   55335   39015
      54   61710   55335   39015
      55   61710   55335   39015
      56   61710   55335   39015
      57   61710   55335   39015
      58   61710   55335   39015
      59   61710   55335   39015
      60   61710   52020   32640
      61   61710   52020   32640
      62   61710   52020   32640
      63   61710   52020   32640
      64   61710   52020   32640
      65   61710   52020   32640
      66   61710   52020   32640
      67   61710   52020   32640
      68   61710   52020   32640
      69   61710   52020   32640
      70   61710   52020   32640
      71   61710   52020   32640
      72   61710   48705   32385
      73   61710   48705   32385
      74   61710   48705   32385
      75   61710   48705   32385
      76   61710   48705   32385
      77   61710   48705   32385
      78   61710   48705   32385
      79   61710   48705   32385
      80   61710   48705   32385
      81   61710   48705   32385
      82   61710   48705   32385
      83   61710   48705   32385
      84   61710   45390   26010
      85   61710   45390   26010
      86   61710   45390   26010
      87   61710   45390   26010
      88   61710   45390   26010
      89   61710   45390   26010
      90   61710   45390   26010
      91   61710   45390   26010
      92   61710   45390   26010
      93   61710   45390   26010
      94   61710   45390   26010
      95   61710   45390   26010
      96   61710   42330   26010
      97   61710   42330   26010
      98   61710   42330   26010
      99   61710   42330   26010
     100   61710   42330   26010
     101   61710   42330   26010
     102   61710   42330   26010
     103   61710   42330   26010
     104   61710   42330   26010
     105   61710   42330   26010
     106   61710   42330   26010
     107   61710   42330   26010
     108   61710   39015   19380
     109   61710   39015   19380
     110   61710   39015   19380
     111   61710   39015   19380
     112   61710   39015   19380
     113   61710   39015   19380
     114   61710   39015   19380
     115   61710   39015   19380
     116   61710   39015   19380
     117   61710   39015   19380
     118   61710   39015   19380
     119   61710   39015   19380
     120   61710   35700   19380
     121   61710   35700   19380
     122   61710   35700   19380
     123   61710   35700   19380
     124   61710   35700   19380
     125   61710   35700   19380
     126   61710   35700   19380
     127   61710   35700   19380
     128   61710   35700   19380
     129   61710   35700   19380
     130   61710   35700   19380
     131   61710   35700   19380
     132   61710   32385   13005
     133   61710   32385   13005
     134   61710   32385   13005
     135   61710   32385   13005
     136   61710   32385   13005
     137   61710   32385   13005
     138   61710   32385   13005
     139   61710   32385   13005
     140   61710   32385   13005
     141   61710   32385   13005
     142   61710   32385   13005
     143   61710   32385   13005
     144   61710   29070   13005
     145   61710   29070   13005
     146   61710   29070   13005
     147   61710   29070   13005
     148   61710   29070   13005
     149   61710   29070   13005
     150   61710   29070   13005
     151   61710   29070   13005
     152   61710   29070   13005
     153   61710   29070   13005
     154   61710   29070   13005
     155   61710   29070   13005
     156   61710   26010    6375
     157   61710   26010    6375
     158   61710   26010    6375
     159   61710   26010    6375
     160   61710   26010    6375
     161   61710   26010    6375
     162   61710   26010    6375
     163   61710   26010    6375
     164   61710   26010    6375
     165   61710   26010    6375
     166   61710   26010    6375
     167   61710   26010    6375
     168   61710   22695    6375
     169   61710   22695    6375
     170   61710   22695    6375
     171   61710   22695    6375
     172   61710   22695    6375
     173   61710   22695    6375
     174   61710   22695    6375
     175   61710   22695    6375
     176   61710   22695    6375
     177   61710   22695    6375
     178   61710   22695    6375
     179   61710   22695    6375
     180   61710   19380       0
     181   61710   19380       0
     182   61710   19380       0
     183   61710   19380       0
     184   61710   19380       0
     185   61710   19380       0
     186   61710   19380       0
     187   61710   19380       0
     188   61710   19380       0
     189   61710   19380       0
     190   61710   19380       0
     191   61710   19380       0
     192   61710   16320       0
     193   61710   16320       0
     194   61710   16320       0
     195   61710   16320       0
     196   61710   16320       0
     197   61710   16320       0
     198   61710   16320       0
     199   61710   16320       0
     200   61710   16320       0
     201   61710   16320       0
     202   61710   16320       0
     203   61710   16320       0
     204   58395   13005       0
     205   58395   13005       0
     206   58395   13005       0
     207   58395   13005       0
     208   58395   13005       0
     209   58395   13005       0
     210   58395   13005       0
     211   58395   13005       0
     212   58395   13005       0
     213   58395   13005       0
     214   58395   13005       0
     215   58395   13005       0
     216   58395    9690       0
     217   58395    9690       0
     218   58395    9690       0
     219   58395    9690       0
     220   58395    9690       0
     221   58395    9690       0
     222   58395    9690       0
     223   58395    9690       0
     224   58395    9690       0
     225   58395    9690       0
     226   58395    9690       0
     227   58395    9690       0
     228   58395    6375       0
     229   58395    6375       0
     230   58395    6375       0
     231   58395    6375       0
     232   58395    6375       0
     233   58395    6375       0
     234   58395    6375       0
     235   58395    6375       0
     236   58395    6375       0
     237   58395    6375       0
     238   58395    6375       0
     239   58395    6375       0
     239   58395    6375       0
     239   58395    6375       0
     239   58395    6375       0
     239   58395    6375       0
     239   58395    6375       0
     239   58395    6375       0
     239   58395    6375       0
     239   58395    6375       0
     239   58395    6375       0
     239   58395    6375       0
     239   58395    6375       0
     239   58395    6375       0
     239   58395    6375       0
     239   58395    6375       0
     239   58395    6375       0
     239   58395    6375       0
 240 61680 61680 61680 241 61937 61937 61937 242 62194 62194 62194 243 62451 62451 62451
 244 62708 62708 62708 245 62965 62965 62965 246 63222 63222 63222 247 63479 63479 63479
 248 63736 63736 63736 249 63993 63993 63993 250 64250 64250 64250 251 64507 64507 64507
 252 64764 64764 64764 253 65021 65021 65021 254 65278 65278 65278 255 65535 65535 65535
