diamond 15 colormap3
       0    53295  61710   65535
       1       0       0       0
       2       0       0    1020
       3       0       0    1020
       4       0       0    1020
       5       0       0    1020
       6       0       0    1020
       7       0       0    1020
       8       0       0    1020
       9       0       0    1020
      10       0       0    3060
      11       0       0    5100
      12       0       0    7140
      13       0       0    9180
      14       0       0   11220
      15       0       0   13260
      16       0       0   15300
      17       0       0   17340
      18       0       0   19380
      19    1020    1020   21420
      20    2040    2040   23460
      21    4080    4080   24480
      22    6120    6120   24480
      23    8160    8160   24480
      24   10200   10200   25500
      25   12240   12240   26520
      26   14280   14280   27540
      27   15300   15300   28560
      28   16320   16320   30600
      29   17340   17340   32640
      30   18360   18360   34680
      31   19380   19380   36720
      32   20400   20400   38760
      33   21420   21420   40800
      34   22440   22440   41820
      35   24480   24480   41820
      36   26520   26520   41820
      37   28560   28560   40800
      38   30600   30600   39780
      39   32640   32640   38760
      40   34680   34680   37740
      41   36720   36720   36720
      42   38760   38760   38760
      43   40800   40800   40800
      44   42840   42840   42840
      45   44880   44880   44880
      46   46920   46920   46920
      47   48960   48960   48960
      48   51000   51000   51000
      49   53040   53040   53040
      50   55080   55080   55080
      51   57120   57120   57120
      52   59160   59160   59160
      53   61200   61200   61200
      54   63240   63240   63240
      55   64260   62220   62220
      56   64260   58140   58140
      57   64260   54060   54060
      58   64260   49980   49980
      59   64260   45900   45900
      60   64260   41820   41820
      61   64260   37740   37740
      62   64260   33660   33660
      63   30600   64260       0
      64   64260   64260   64260
