diamond 15 colormap3
       0    53295  61710   65535
       1    0 0 0
2  1028  1028  2056
3  1028  1028  2313
4  1028  1028  2570
5  1028  1028  2827
6  1028  1028  3084
7  1028  1028  3341
8  1028  1028  3598
9  1028  1028  3855
10  1028  1028  4112
11  1028  1028  4369
12  1028  1028  4626
13  1028  1028  4883
14  1028  1028  5140
15  1028  1028  5397
16  1028  1028  5654
17  1028  1028  5911
18  1028  1028  6168
19  1028  1028  6425
20  1028  1028  6682
21  1028  1028  6939
22  1028  1028  7196
23  1028  1028  7453
24  1028  1028  7710
25  1028  1028  7967
26  1028  1028  8224
27  1028  1028  8481
28  1028  1028  8738
29  1028  1028  8995
30  1028  1028  9252
31  1028  1028  9509
32  1028  1028  9766
33  1028  1028  10023
34  1028  1028  10280
35  1028  1028  10537
36  1028  1028  10794
37  1028  1028  11051
38  1028  1028  11308
39  1028  1028  11565
40  1028  1028  11822
41  1028  1028  12079
42  1028  1028  12336
43  1028  1028  12593
44  1028  1028  12850
45  1028  1028  13107
46  1028  1028  13364
47  1028  1028  13621
48  1028  1028  13878
49  1028  1028  14135
50  1028  1028  14392
51  1028  1028  14649
52  1028  1028  14906
53  1028  1028  15163
54  1028  1028  15420
55  1028  1028  15677
56  1028  1028  15934
57  1028  1028  16191
58  1028  1028  16448
59  1028  1028  16705
60  1028  1028  16962
61  1028  1028  17219
62  1028  1028  17476
63  1028  1028  17733
64  1028  1028  17990
65  1028  1028  18247
66  1028  1028  18504
67  1028  1028  18761
68  1028  1028  19018
69  1028  1028  19275
70  1028  1028  19532
71  1028  1028  19789
72  1028  1028  20046
73  1028  1028  20560
74  1285  1285  20560
75  1542  1542  20817
      76    1020    1020   21420
      77    1020    1020   21420
      78    2040    2040   22440
      79    2040    2040   22440
      80    2040    2040   23460
      81    2040    2040   23460
      82    3060    3060   24480
      83    3060    3060   24480
      84    4080    4080   24480
      85    4080    4080   24480
      86    5100    5100   24480
      87    5100    5100   24480
      88    6120    6120   24480
      89    6120    6120   24480
      90    7140    7140   24480
      91    7140    7140   24480
      92    8160    8160   24480
      93    8160    8160   24480
      94    9180    9180   25500
      95    9180    9180   25500
      96   10200   10200   25500
      97   10200   10200   25500
      98   11220   11220   26520
      99   11220   11220   26520
     100   12240   12240   26520
     101   12240   12240   26520
     102   13260   13260   27540
     103   13260   13260   27540
     104   14280   14280   27540
     105   14280   14280   27540
     106   14280   14280   28560
     107   14280   14280   28560
     108   15300   15300   28560
     109   15300   15300   28560
     110   15300   15300   29580
     111   15300   15300   29580
     112   16320   16320   30600
     113   16320   16320   30600
     114   16320   16320   31620
     115   16320   16320   31620
     116   17340   17340   32640
     117   17340   17340   32640
     118   17340   17340   33660
     119   17340   17340   33660
     120   18360   18360   34680
     121   18360   18360   34680
     122   18360   18360   35700
     123   18360   18360   35700
     124   19380   19380   36720
     125   19380   19380   36720
     126   19380   19380   37740
     127   19380   19380   37740
     128   20400   20400   38760
     129   20400   20400   38760
     130   20400   20400   39780
     131   20400   20400   39780
     132   21420   21420   40800
     133   21420   21420   40800
     134   21420   21420   41820
     135   21420   21420   41820
     136   22440   22440   41820
     137   22440   22440   41820
     138   23460   23460   41820
     139   23460   23460   41820
     140   24480   24480   41820
     141   24480   24480   41820
     142   25500   25500   41820
     143   25500   25500   41820
     144   26520   26520   41820
     145   26520   26520   41820
     146   27540   27540   40800
     147   27540   27540   40800
     148   28560   28560   40800
     149   28560   28560   40800
     150   29580   29580   39780
     151   29580   29580   39780
     152   30600   30600   39780
     153   30600   30600   39780
     154   31620   31620   38760
     155   31620   31620   38760
     156   32640   32640   38760
     157   32640   32640   38760
     158   33660   33660   37740
     159   33660   33660   37740
     160   34680   34680   37740
     161   34680   34680   37740
     162   35700   35700   36720
     163   35700   35700   36720
     164   36720   36720   36720
     165   36720   36720   36720
     166   37740   37740   37740
     167   37740   37740   37740
     168   38760   38760   38760
     169   38760   38760   38760
     170   39780   39780   39780
     171   39780   39780   39780
     172   40800   40800   40800
     173   40800   40800   40800
     174   41820   41820   41820
     175   41820   41820   41820
     176   42840   42840   42840
     177   42840   42840   42840
     178   43860   43860   43860
     179   43860   43860   43860
     180   44880   44880   44880
     181   44880   44880   44880
     182   45900   45900   45900
     183   45900   45900   45900
     184   46920   46920   46920
     185   46920   46920   46920
     186   47940   47940   47940
     187   47940   47940   47940
     188   48960   48960   48960
     189   48960   48960   48960
     190   49980   49980   49980
     191   49980   49980   49980
     192   51000   51000   51000
     193   51000   51000   51000
     194   52020   52020   52020
     195   52020   52020   52020
     196   53040   53040   53040
     197   53040   53040   53040
     198   54060   54060   54060
     199   54060   54060   54060
     200   55080   55080   55080
     201   55080   55080   55080
     202   56100   56100   56100
     203   56100   56100   56100
     204   57120   57120   57120
     205   57120   57120   57120
     206   58140   58140   58140
     207   58140   58140   58140
     208   59160   59160   59160
     209   59160   59160   59160
     210   60180   60180   60180
     211   60180   60180   60180
     212   61200   61200   61200
     213   61200   61200   61200
     214   62220   62220   62220
     215   62220   62220   62220
     216   63240   63240   63240
     217   63240   63240   63240
218  65535  65535  65535
219  65535  64764  64764
220  65535  63993  63993
221  65535  62965  62965
222  65535  62194  62194
223  65535  61423  61423
224  65535  60395  60395
225  65535  59624  59624
226  65535  58853  58853
227  65535  57825  57825
228  65535  57054  57054
229  65535  56283  56283
230  65535  55255  55255
231  65535  54484  54484
232  65535  53713  53713
233  65535  52685  52685
234  65535  51914  51914
235  65535  51143  51143
236  65535  50115  50115
237  65535  49344  49344
238  65535  48573  48573
239  65535  47545  47545
240  65535  46774  46774
241  65535  46003  46003
242  65535  44975  44975
243  65535  44204  44204
244  65535  43433  43433
245  65535  42405  42405
246  65535  41634  41634
247  65535  40863  40863
248  65535  39835  39835
249  65535  39064  39064
250  65535  38293  38293
251  65535  37265  37265
252  65535  36494  36494
253  65535  35723  35723
254  65535  34695  34695
255  65535  33924  33924
