diamond 15 colormaph4
       0   53295  61710   65535
       1     0 0 0
       2    9690   24990   13260
       3    9690   24990   13260
       4    9690   24990   13260
       5    9690   24990   13260
       6    9690   24990   13260
       7    9690   24990   13260
       8    9690   24990   13260
       9    9690   24990   13260
      10    9690   24990   13260
      11    9690   24990   13260
      12    9690   32640   13260
      13    9690   32640   13260
      14    9690   32640   13260
      15    9690   32640   13260
      16   14790   37740   18360
      17   14790   37740   18360
      18   19890   42840   23460
      19   19890   42840   23460
      20   19890   42840   23460
      21   19890   42840   23460
      22   19890   42840   23460
      23   19890   42840   23460
      24   33150   49980   22950
      25   33150   49980   22950
      26   33150   49980   22950
      27   33150   49980   22950
      28   33150   49980   22950
      29   33150   49980   22950
      30   33150   49980   22950
      31   33150   49980   22950
      32   33150   49980   22950
      33   33150   49980   22950
      34   33150   49980   22950
      35   33150   49980   22950
      36   60690   56100   20400
      37   60690   56100   20400
      38   60690   56100   20400
      39   60690   56100   20400
      40   60690   56100   20400
      41   60690   56100   20400
      42   60690   56100   20400
      43   60690   56100   20400
      44   60690   56100   20400
      45   60690   56100   20400
      46   60690   56100   20400
      47   60690   56100   20400
      48   55590   47175   20400
      49   55590   47175   20400
      50   55590   47175   20400
      51   55590   47175   20400
      52   55590   47175   20400
      53   55590   47175   20400
      54   55590   47175   20400
      55   55590   47175   20400
      56   55590   47175   20400
      57   55590   47175   20400
      58   55590   47175   20400
      59   55590   47175   20400
      60   50490   42075   15300
      61   50490   42075   15300
      62   50490   42075   15300
      63   50490   42075   15300
      64   50490   42075   15300
      65   50490   42075   15300
      66   50490   42075   15300
      67   50490   42075   15300
      68   50490   42075   15300
      69   50490   42075   15300
      70   50490   42075   15300
      71   50490   42075   15300
      72   60690   36465   14790
      73   60690   36465   14790
      74   60690   36465   14790
      75   60690   36465   14790
      76   60690   36465   14790
      77   60690   36465   14790
      78   60690   36465   14790
      79   60690   36465   14790
      80   60690   36465   14790
      81   60690   36465   14790
      82   60690   36465   14790
      83   60690   36465   14790
      84   60690   36465   14790
      85   60690   36465   14790
      86   60690   36465   14790
      87   60690   36465   14790
      88   60690   36465   14790
      89   60690   36465   14790
      90   60690   36465   14790
      91   60690   36465   14790
      92   60690   36465   14790
      93   60690   36465   14790
      94   60690   36465   14790
      95   60690   36465   14790
      96   55590   31365    9690
      97   55590   31365    9690
      98   55590   31365    9690
      99   55590   31365    9690
     100   55590   31365    9690
     101   55590   31365    9690
     102   55590   31365    9690
     103   55590   31365    9690
     104   55590   31365    9690
     105   55590   31365    9690
     106   55590   31365    9690
     107   55590   31365    9690
     108   55590   31365    9690
     109   55590   31365    9690
     110   55590   31365    9690
     111   55590   31365    9690
     112   55590   31365    9690
     113   55590   31365    9690
     114   55590   31365    9690
     115   55590   31365    9690
     116   55590   31365    9690
     117   55590   31365    9690
     118   55590   31365    9690
     119   55590   31365    9690
     120   50490   26265    4590
     121   50490   26265    4590
     122   50490   26265    4590
     123   50490   26265    4590
     124   50490   26265    4590
     125   50490   26265    4590
     126   50490   26265    4590
     127   50490   26265    4590
     128   50490   26265    4590
     129   50490   26265    4590
     130   50490   26265    4590
     131   50490   26265    4590
     132   50490   26265    4590
     133   50490   26265    4590
     134   50490   26265    4590
     135   50490   26265    4590
     136   50490   26265    4590
     137   50490   26265    4590
     138   50490   26265    4590
     139   50490   26265    4590
     140   50490   26265    4590
     141   50490   26265    4590
     142   50490   26265    4590
     143   50490   26265    4590
     144   45900   45900   61200
     145   45900   45900   61200
     146   45900   45900   61200
     147   45900   45900   61200
     148   45900   45900   61200
     149   45900   45900   61200
     150   45900   45900   61200
     151   45900   45900   61200
     152   45900   45900   61200
     153   45900   45900   61200
     154   45900   45900   61200
     155   45900   45900   61200
     156   45900   45900   61200
     157   45900   45900   61200
     158   45900   45900   61200
     159   45900   45900   61200
     160   45900   45900   61200
     161   45900   45900   61200
     162   45900   45900   61200
     163   45900   45900   61200
     164   45900   45900   61200
     165   45900   45900   61200
     166   45900   45900   61200
     167   45900   45900   61200
     168   65025   65025   63750
     169   65025   65025   63750
     170   65025   65025   63750
     171   65025   65025   63750
     172   65025   65025   63750
     173   65025   65025   63750
     174   65025   65025   63750
     175   65025   65025   63750
     176   65025   65025   63750
     177   65025   65025   63750
     178   65025   65025   63750
     179   65025   65025   63750
     180   65025   65025   63750
     181   65025   65025   63750
     182   65025   65025   63750
     183   65025   65025   63750
     184   65025   65025   63750
     185   65025   65025   63750
     186   65025   65025   63750
     187   65025   65025   63750
     188   65025   65025   63750
     189   65025   65025   63750
     190   65025   65025   63750
     191   65025   65025   63750
     192   65025   65025   63750
     193   65025   65025   63750
     194   65025   65025   63750
     195   65025   65025   63750
     196   65025   65025   63750
     197   65025   65025   63750
     198   65025   65025   63750
     199   65025   65025   63750
     200   65025   65025   63750
     201   65025   65025   63750
     202   65025   65025   63750
     203   65025   65025   63750
     204   65025   65025   63750
     205   65025   65025   63750
     206   65025   65025   63750
     207   65025   65025   63750
     208   65025   65025   63750
     209   65025   65025   63750
     210   65025   65025   63750
     211   65025   65025   63750
     212   65025   65025   63750
     213   65025   65025   63750
     214   65025   65025   63750
     215   65025   65025   63750
     216   65025   65025   63750
     217   65025   65025   63750
     218   65025   65025   63750
     219   65025   65025   63750
     220   65025   65025   63750
     221   65025   65025   63750
     222   65025   65025   63750
     223   65025   65025   63750
     224   65025   65025   63750
     225   65025   65025   63750
     226   65025   65025   63750
     227   65025   65025   63750
     228   65025   65025   63750
     229   65025   65025   63750
     230   65025   65025   63750
     231   65025   65025   63750
     232   65025   65025   63750
     233   65025   65025   63750
     234   65025   65025   63750
     235   65025   65025   63750
     236   65025   65025   63750
     237   65025   65025   63750
     238   65025   65025   63750
     239   65025   65025   63750
     239   65025   65025   63750
     239   65025   65025   63750
     239   65025   65025   63750
     239   65025   65025   63750
     239   65025   65025   63750
     239   65025   65025   63750
     239   65025   65025   63750
     239   65025   65025   63750
     239   65025   65025   63750
     239   65025   65025   63750
     239   65025   65025   63750
     239   65025   65025   63750
     239   65025   65025   63750
     239   65025   65025   63750
     239   65025   65025   63750
     239   65025   65025   63750
     240   61200   61200   61200
     241   61455   61455   61455
     242   61710   61710   61710
     243   61965   61965   61965
     244   62220   62220   62220
     245   62475   62475   62475
     246   62730   62730   62730
     247   62985   62985   62985
     248   63240   63240   63240
     249   63495   63495   63495
     250   63750   63750   63750
     251   64005   64005   64005
     252   64260   64260   64260
     253   64515   64515   64515
     254   64770   64770   64770
     255   65025   65025   65025
