diamond 15 colormaph3
       0    53295  61710   65535
       1    0 0 0
       2    53295  61710   65535
       3    53295  61710   65535
       4    53295  61710   65535
       5    53295  61710   65535
       6    53295  61710   65535
       7    53295  61710   65535
       8    53295  61710   65535
       9    53295  61710   65535
      10    53295  61710   65535
      11    53295  61710   65535
      12    65535 65535 65535
      13    65535 65535 65535
      14    65535 65535 65535
      15    65535 65535 65535
      16   65535 65535 65535
      17   65535 65535 65535
      18   65535 65535 65535
      19   65535 65535 65535
      20   65535 65535 65535
      21   65535 65535 65535
      22   65535 65535 65535
      23   65535 65535 65535
      24   65535 65535 65535
      25   65535 65535 65535
      26   65535 65535 65535
      27   33150   49980   31875
      28   33150   49980   31875
      29   33150   49980   31875
      30   33150   49980   31875
      31   33150   49980   31875
      32   33150   49980   31875
      33   33150   49980   31875
      34   33150   49980   31875
      35   33150   49980   31875
      36   60690   52275   38760
      37   60690   52275   38760
      38   60690   52275   38760
      39   60690   52275   38760
      40   60690   52275   38760
      41   60690   52275   38760
      42   60690   52275   38760
      43   60690   52275   38760
      44   60690   52275   38760
      45   60690   52275   38760
      46   60690   52275   38760
      47   60690   52275   38760
      48   55590   47175   33660
      49   55590   47175   33660
      50   55590   47175   33660
      51   55590   47175   33660
      52   55590   47175   33660
      53   55590   47175   33660
      54   55590   47175   33660
      55   55590   47175   33660
      56   55590   47175   33660
      57   55590   47175   33660
      58   55590   47175   33660
      59   55590   47175   33660
      60   50490   42075   28560
      61   50490   42075   28560
      62   50490   42075   28560
      63   50490   42075   28560
      64   50490   42075   28560
      65   50490   42075   28560
      66   50490   42075   28560
      67   50490   42075   28560
      68   50490   42075   28560
      69   50490   42075   28560
      70   50490   42075   28560
      71   50490   42075   28560
      72      50490   42075   28560
      73      50490   42075   28560
      74      50490   42075   28560
      75      50490   42075   28560
      76      50490   42075   28560
      77      50490   42075   28560
      78      50490   42075   28560
      79      50490   42075   28560
      80      50490   42075   28560
      81      50490   42075   28560
      82      50490   42075   28560
      83      50490   42075   28560
      84      50490   42075   28560
      85      50490   42075   28560
      86      50490   42075   28560
      87      50490   42075   28560
      88      50490   42075   28560
      89      50490   42075   28560
      90      50490   42075   28560
      91      50490   42075   28560
      92      50490   42075   28560
      93      50490   42075   28560
      94      50490   42075   28560
      95      50490   42075   28560
      96   55590   31365    9690
      97   55590   31365    9690
      98   55590   31365    9690
      99   55590   31365    9690
     100   55590   31365    9690
     101   55590   31365    9690
     102   55590   31365    9690
     103   55590   31365    9690
     104   55590   31365    9690
     105   55590   31365    9690
     106   55590   31365    9690
     107   55590   31365    9690
     108   55590   31365    9690
     109   55590   31365    9690
     110   55590   31365    9690
     111   55590   31365    9690
     112   55590   31365    9690
     113   55590   31365    9690
     114   55590   31365    9690
     115   55590   31365    9690
     116   55590   31365    9690
     117   55590   31365    9690
     118   55590   31365    9690
     119   55590   31365    9690
     120   50490   26265    4590
     121   50490   26265    4590
     122   50490   26265    4590
     123   50490   26265    4590
     124   50490   26265    4590
     125   50490   26265    4590
     126   50490   26265    4590
     127   50490   26265    4590
     128   50490   26265    4590
     129   50490   26265    4590
     130   50490   26265    4590
     131   50490   26265    4590
     132   50490   26265    4590
     133   50490   26265    4590
     134   50490   26265    4590
     135   50490   26265    4590
     136   50490   26265    4590
     137   50490   26265    4590
     138   50490   26265    4590
     139   50490   26265    4590
     140   50490   26265    4590
     141   50490   26265    4590
     142   50490   26265    4590
     143   50490   26265    4590
     144   49920   35328   21504
     145   49920   35328   21504
     146   49920   35328   21504
     147   49920   35328   21504
     148   49920   35328   21504
     149   49920   35328   21504
     150   49920   35328   21504
     151   49920   35328   21504
     152   49920   35328   21504
     153   49920   35328   21504
     154   49920   35328   21504
     155   49920   35328   21504
     156   49920   35328   21504
     157   49920   35328   21504
     158   49920   35328   21504
     159   49920   35328   21504
     160   49920   35328   21504
     161   49920   35328   21504
     162   49920   35328   21504
     163   49920   35328   21504
     164   49920   35328   21504
     165   49920   35328   21504
     166   49920   35328   21504
     167   49920   35328   21504
     168   49920   35328   21504
     169   49920   35328   21504
     170   49920   35328   21504
     171   49920   35328   21504
     172   49920   35328   21504
     173   49920   35328   21504
     174   49920   35328   21504
     175   49920   35328   21504
     176   49920   35328   21504
     177   49920   35328   21504
     178   49920   35328   21504
     179   49920   35328   21504
     180   49920   35328   21504
     181   49920   35328   21504
     182   49920   35328   21504
     183   49920   35328   21504
     184   49920   35328   21504
     185   49920   35328   21504
     186   49920   35328   21504
     187   49920   35328   21504
     188   49920   35328   21504
     189   49920   35328   21504
     190   49920   35328   21504
     191   49920   35328   21504
     192   49920   35328   21504
     193   49920   35328   21504
     194   49920   35328   21504
     195   49920   35328   21504
     196   49920   35328   21504
     197   49920   35328   21504
     198   49920   35328   21504
     199   49920   35328   21504
     200   49920   35328   21504
     201   49920   35328   21504
     202   49920   35328   21504
     203   49920   35328   21504
     204   49920   35328   21504
     205   49920   35328   21504
     206   49920   35328   21504
     207   49920   35328   21504
     208   49920   35328   21504
     209   49920   35328   21504
     210   49920   35328   21504
     211   49920   35328   21504
     212   49920   35328   21504
     213   49920   35328   21504
     214   49920   35328   21504
     215   49920   35328   21504
     216   49920   35328   21504
     217   49920   35328   21504
     218   49920   35328   21504
     219   49920   35328   21504
     220   49920   35328   21504
     221   49920   35328   21504
     222   49920   35328   21504
     223   49920   35328   21504
     224   49920   35328   21504
     225   49920   35328   21504
     226   49920   35328   21504
     227   49920   35328   21504
     228   49920   35328   21504
     229   49920   35328   21504
     230   49920   35328   21504
     231   49920   35328   21504
     232   49920   35328   21504
     233   49920   35328   21504
     234   49920   35328   21504
     235   49920   35328   21504
     236   49920   35328   21504
     237   49920   35328   21504
     238   49920   35328   21504
     239   49920   35328   21504
     239   49920   35328   21504
     239   49920   35328   21504
     239   49920   35328   21504
     239   49920   35328   21504
     239   49920   35328   21504
     239   49920   35328   21504
     239   49920   35328   21504
     239   49920   35328   21504
     239   49920   35328   21504
     239   49920   35328   21504
     239   49920   35328   21504
     239   49920   35328   21504
     239   49920   35328   21504
     239   49920   35328   21504
     239   49920   35328   21504
     239   49920   35328   21504
     240   37995   33280   15872
     241   37995   33280   15872
     242   37995   33280   15872
     243   37995   33280   15872
     244   37995   33280   15872
     245   37995   33280   15872
     246   37995   33280   15872
     247   37995   33280   15872
     248   37995   33280   15872
     249   37995   33280   15872
     250   37995   33280   15872
     251   37995   33280   15872
     252   37995   33280   15872
     253   37995   33280   15872
     254   37995   33280   15872
     255   37995   33280   15872
