diamond 15 colormap1
       0     53295  61710   65535
       1      0 0 0 
       2      0 0 0 
       3      0 0 0 
       4     0 0 0 
       5      0 0 0 
       6      0 0 0 
       7     0 0 0 
       8    0 0 0 
       9    0 0 0 
      10    0 0 0 
      11    0 0 0 
      12    0 0 0 
      13   0 0 0 
      14   0 0 0 
      15   0 0 0 
      16   32640 0 0 
      17   32640 0 0 
      18   32640 0 0 
      19   32640 0 0 
      20   32640 0 0 
      21   32640 0 0 
      22   32640 0 0 
      23   32640 0 0 
      24   32640 0 0 
      25   32640 0 0 
      26   32640 0 0 
      27   32640 0 0 
      28   32640 0 0 
      29   32640 0 0 
      30   32640 0 0 
      31   32640 0 0 
      32  0 32640 0
      33  0 32640 0
      34  0 32640 0
      35   0 32640 0 
      36  0 32640 0 
      37   0 32640 0 
      38     0 32640 0 
      39      0 32640 0 
      40       0 32640 0 
      41       0 32640 0 
      42       0 32640 0 
      43       0 32640 0 
      44       0 32640 0 
      45       0 32640 0 
      46       0 32640 0 
      47       0 32640 0 
      48       0       0       32640
      49       0       0       32640
      50       0       0       32640
      51       0       0       32640
      52       0       0       32640
      53       0       0       32640
      54       0       0       32640
      55       0       0       32640
      56       0       0       32640
      57       0       0       32640
      58       0       0       32640
      59       0       0       32640
      60       0       0       32640
      61       0       0       32640
      62       0       0       32640
      63       0       0       32640
      64       32640 32640      0
      65       32640 32640       0
      66       32640 32640        0
      67       32640 32640       0
      68       32640 32640        0
      69       32640 32640        0
      70       32640 32640       0
      71       32640 32640        0
      72       32640 32640       0
      73       32640 32640        0
      74       32640 32640       0
      75       32640 32640       0
      76       32640 32640       0
      77       32640 32640       0
      78       32640 32640        0
      79       32640 32640        0
      80       32640      0       32640
      81       32640      0       32640
      82       32640      0       32640
      83       32640      0       32640
      84    32640      0       32640
      85    32640      0       32640
      86    32640      0       32640
      87    32640      0       32640
      88    32640      0       32640
      89    32640      0       32640
      90    32640      0       32640
      91    32640      0       32640
      92    32640      0       32640
      93    32640      0       32640
      94    32640      0       32640
      95    32640      0       32640
      96    0      32640    32640
      97     0      32640    32640
      98     0      32640    32640
      99     0      32640    32640
     100    0      32640    32640
     101     0      32640    32640
     102     0      32640    32640
     103     0      32640    32640
     104     0      32640    32640
     105     0      32640    32640
     106     0      32640    32640
     107     0      32640    32640
     108     0      32640    32640
     109     0      32640    32640
     110     0      32640    32640
     111     0      32640    32640
     112    32640     32640    32640
     113     32640     32640    32640
     114     32640     32640    32640
     115     32640     32640    32640
     116   32640     32640    32640
     117    32640     32640    32640
     118    32640     32640    32640
     119    32640     32640    32640
     120    32640     32640    32640
     121    32640     32640    32640
     122    32640     32640    32640
     123    32640     32640    32640
     124    32640     32640    32640
     125    32640     32640    32640
     126    32640     32640    32640
     127    32640     32640    32640
     128   48960 48960 48960
     129   48960 48960 48960
     130   48960 48960 48960
     131   48960 48960 48960
     132   48960 48960 48960
     133   48960 48960 48960
     134   48960 48960 48960
     135   48960 48960 48960
     136  48960 48960 48960
     137   48960 48960 48960
     138   48960 48960 48960
     139   48960 48960 48960
     140  48960 48960 48960
     141   48960 48960 48960
     142   48960 48960 48960
     143   48960 48960 48960
     144   65535 0 0 
     145   65535 0 0 
     146   65535 0 0 
     147   65535 0 0 
     148   65535 0 0 
     149   65535 0 0 
     150   65535 0 0 
     151   65535 0 0 
     152   65535 0 0 
     153   65535 0 0 
     154   65535 0 0 
     155   65535 0 0 
     156   65535 0 0 
     157   65535 0 0 
     158   65535 0 0 
     159   65535 0 0 
     160  0 65535 0
     161   0 65535 0
     162   0 65535 0
     163  0 65535 0
     164  0 65535 0
     165   0 65535 0
     166   0 65535 0
     167   0 65535 0
     168   0 65535 0
     169   0 65535 0
     170   0 65535 0
     171   0 65535 0
     172   0 65535 0
     173   0 65535 0
     174   0 65535 0
     175   0 65535 0
     176   0 0 65535
     177   0 0 65535
     178   0 0 65535
     179   0 0 65535
     180   0 0 65535
     181   0 0 65535
     182   0 0 65535
     183   0 0 65535
     184   0 0 65535
     185   0 0 65535
     186   0 0 65535
     187   0 0 65535
     188   0 0 65535
     189   0 0 65535
     190   0 0 65535
     191   0 0 65535
     192   65535 65535 0
     193   65535 65535 0
     194   65535 65535 0
     195   65535 65535 0
     196   65535 65535 0
     197   65535 65535 0
     198   65535 65535 0
     199   65535 65535 0
     200   65535 65535 0
     201   65535 65535 0
     202   65535 65535 0
     203   65535 65535 0
     204   65535 65535 0
     205   65535 65535 0
     206   65535 65535 0
     207   65535 65535 0
     208   65535 0 65535 
     209   65535 0 65535 
     210   65535 0 65535 
     211   65535 0 65535 
     212   65535 0 65535 
     213   65535 0 65535 
     214   65535 0 65535 
     215  65535 0 65535 
     216   65535 0 65535 
     217   65535 0 65535 
     218   65535 0 65535 
     219   65535 0 65535 
     220   65535 0 65535 
     221   65535 0 65535 
     222   65535 0 65535 
     223   65535 0 65535 
     224   0 65535 65535
     225    0 65535 65535
     226    0 65535 65535
     227    0 65535 65535
     228    0 65535 65535
     229    0 65535 65535
     230    0 65535 65535
     231    0 65535 65535
     232    0 65535 65535
     233    0 65535 65535
     234   0 65535 65535
     235    0 65535 65535
     236    0 65535 65535
     237    0 65535 65535
     238    0 65535 65535
     239    0 65535 65535
     240   65535 65535 65535
     241   65535 65535 65535
     242   65535 65535 65535
     243   65535 65535 65535
     244   65535 65535 65535
     245   65535 65535 65535
     246  65535 65535 65535
     247   65535 65535 65535
     248  65535 65535 65535
     249   65535 65535 65535
     250  65535 65535 65535
     251   65535 65535 65535
     252   65535 65535 65535
     253     65535 65535 65535
     254      65535 65535 65535
     255   65535 65535 65535
