56885
56954
56489
56533
56964
56137
56227
56986
56996
56977
56276
56172
56183
56185
56279
56280
56287
56288
56291
56378
56479
56739
56752
56772
56785
56790
56871
56873
56880
56882
55248
55299
55472
57637
57728
57734
57800
57807
57828
57905
57909
57910
57511
57519
57520
56675
57313
57317
57329
57402
57507
57600
57633
56598
56693
56792
56543
56586
56594
56959
55585
55690
56342
56989
56991
56992
56571
56584
56592
56593
56976
56251
56079
56167
56184
56296
56374
56396
56462
56475
56487
56491
56496
56673
56742
56756
56757
56775
56778
56783
56839
56843
56846
56863
56872
56875
55294
57729
57806
57832
57840
57915
57926
57426
57510
57512
57612
57407
57411
57604
57635
56691
57609
57623
57625
56889
56944
56948
56949
56962
55578
56307
56312
56665
56978
56193
56247
56257
56147
56164
56186
56187
56188
56281
56285
56297
56371
56376
56441
56443
56645
56651
56755
56840
56842
56854
57605
55437
57636
57720
57723
57738
57808
57818
57824
57839
57900
57914
57339
57432
57505
57509
57537
57304
57315
57405
57416
56886
56946
56952
56548
56567
56595
56970
56973
55593
55681
56202
56317
59205
56580
56273
56038
56144
56146
56168
56181
56298
56390
56596
56643
56697
56748
56781
56836
56862
56878
56881
57735
57736
57739
57813
57837
57908
57916
57932
57338
57345
57502
57518
57522
57525
56674
57204
57309
57314
57324
57326
57408
57417
56898
56483
55591
55598
55773
56106
56128
56434
56984
56987
56994
56565
56569
56975
56194
56196
56158
56178
56189
56284
56473
56492
56498
56499
56641
56649
56688
56764
56766
56777
56788
56869
56870
56879
55279
57707
57710
57717
57805
57814
57821
57822
57829
57834
57903
57907
57921
57516
57523
59316
57206
57216
57508
56793
57614
56294
56951
56497
56582
56958
56961
56966
56969
55569
55589
55680
56223
56331
59007
56578
56982
56198
56199
56272
56180
56182
56190
56286
56289
56290
56373
56381
56383
56385
56387
56389
56394
56480
56493
56494
56654
56669
56684
56745
56751
56761
56763
56767
56768
57608
57634
57713
57731
57835
57906
57913
57348
57437
57438
57506
57513
57217
57303
57306
57318
57415
57420
56883
55655
55696
56109
56116
56995
56575
56195
56197
56263
56152
56171
56173
56382
56386
56391
56393
56395
56399
56478
56646
56664
56774
56782
56844
56856
56876
55493
57647
57708
57714
57719
57722
57737
57844
57902
57912
57923
57936
57333
57514
57517
57237
57320
57328
57401
57414
56891
56950
56444
56585
55572
55664
56228
56985
56267
56278
56097
56295
56357
56380
56384
56459
56474
56485
56490
56652
56786
56835
56838
56841
56849
56851
56867
55228
57718
57732
57741
57742
57803
57809
57811
57825
57827
57922
57349
57409
57425
57431
57536
56670
56671
57208
57307
57308
57413
57603
56746
57606
